p = 127
e = 3
d = 36
mod = 2048383

a = [1688332 84182 763807 882227 1330222 1875415 1474863 1206664 289102 1219807 909099 754416 1948821 296976 1506050 907738 1375508 856868 1265774 13906 245722 1101767 525539 862459 427774 22185 289877 1] (deg=27)
num_h = 3
h_1 = [436364 1743715 1406570 932221 1986297 1246368 748256 1968164 1026967 1635217 1858223 1001017 127133 20637 860510 250717 844350 673353 1911656 616981 173439 991676 836525 206959 1793866 1176863 66859 901767 434121 1624428 1032493 550173 328919 373227 270300 136234 1] (deg=36)
h_2 = [1512818 274221 1079969 1912989 402259 408244 25343 1216790 1726206 1740103 433950 1247520 864878 1276316 1344142 6125 663130 192222 322036 992985 1080541 2033561 1637117 1801851 199886 272971 815681 338948 2046068 712897 694757 203329 463739 1592649 1717524 1005442 1] (deg=36)
h_3 = [1782514 747826 1524769 270423 11869 174141 623156 1239545 93236 1930768 1215068 348484 1669395 1445718 256787 1974852 1087919 212638 771861 983942 753727 1699574 1472709 1311593 2015279 1015677 1723107 1124018 530592 358776 1243583 924385 596147 567604 1316884 1506416 1] (deg=36)

check: a * Π h_i == h (mod p^e): OK
