p = 17
e = 4
d = 40
mod = 83521

g = [0 7]

f = [0 19653 36703 53533 56594 40494 82467 40613 63699 49470 69054 61591 38692 64770 20978 75582 17391 12511 1547 37043 22402 18411 55471 77673 64668 31025 58718 23392 21777 80172 67694 61931 28696 4012 32640 63886 26152 42925 39610 30906 13651 51136 48790 6239 27064 79016 66980 76228 13226 10268 58395 2023 61893 56066 73015 60401 25024 75140 74001 30056 79509 13583 11390 31212 65960 82943 37757 81243 1]

a = [0 17978 35066 22198 64365 77497 31710 27339 19391 11826 21141 47470 26441 43356 42004 18449 20991 2911 59016 81802 43410 13551 21778 26118 47822 81916 16612 1821 1] (deg=28)
num_h = 1
h_1 = [29613 35979 9633 81383 16649 41345 47787 78600 25690 39179 25943 62519 56551 17939 32564 54662 29211 75550 31396 53494 54638 28314 69438 63673 40211 13616 53657 63420 20079 66852 53102 32761 16024 78423 48472 36277 42290 28180 52055 79422 1] (deg=40)

check: a * Π h_i == h (mod p^e): OK
