p = 31
e = 3
d = 46
mod = 29791
g = [0 7] (deg=1)
f = [0 27870 24118 26721 24986 6014 19220 17050 4805 15314 20181 7874 4805 217 11532 24087 8649 26505 24986 29512 13454 8246 15376 15159 6727 19623 24025 20677 18259 8153 18228 3998 1302 2762 15376 1767 14415 806 17298 8556 4805 20925 19220 27373 11532 17422 24025 28396 28830 3038 26908 9982 25947 1674 0 1178 9610 5301 5766 23746 1457 12958 8649 24828 19220 11005 25947 23405 7688 1147 4805 18166 5766 21514 6727 15097 26908 19499 5766 16089 19220 8804 18259 7316 23064 14043 25947 14632 5766 217 24986 21855 25513 1] (deg=93)
a = [0 1] (deg=1)
num_h = 2
h_1 = [1689 11253 9921 23300 23437 14575 23573 17542 8703 4471 4601 14081 23482 21246 22591 20820 19049 7674 14995 21482 1367 1787 5642 3985 27810 2660 6556 29462 9981 5830 7311 19835 10250 25874 27310 14678 15189 21725 16294 11260 18470 29765 28949 28567 15054 13898 1] (deg=46)
h_2 = [5502 14508 19252 6863 19686 19091 12196 11133 7277 23274 19822 27211 7734 25409 14159 11234 26427 8942 14840 6325 6017 13434 26040 23791 17332 12034 15918 10125 28116 184 29476 6298 1942 10303 23001 23266 20025 19536 20138 12858 18687 11403 12333 12694 18960 11615 1] (deg=46)
