p = 31
e = 3
d = 24
mod = 29791


f = [0 27870 24118 26721 24986 6014 19220 17050 4805 15314 20181 7874 4805 217 11532 24087 8649 26505 24986 29512 13454 8246 15376 15159 6727 19623 24025 20677 18259 8153 18228 3998 1302 2762 15376 1767 14415 806 17298 8556 4805 20925 19220 27373 11532 17422 24025 28396 28830 3038 26908 9982 25947 1674 0 1178 9610 5301 5766 23746 1457 12958 8649 24828 19220 11005 25947 23405 7688 1147 4805 18166 5766 21514 6727 15097 26908 19499 5766 16089 19220 8804 18259 7316 23064 14043 25947 14632 5766 217 24986 21855 25513 1] (deg=93)
g = [7 9 19 0 3] (deg=4)
a = [23647 801 25756 74 2827 12716 6446 5636 18794 16547 18390 8637 6113 22532 13557 18961 4331 14738 20162 27463 11861 1] (deg=21)
num_h = 3
h_1 = [7256 19594 20203 22674 6154 16356 2842 23997 28918 13682 26420 17749 24617 10074 9167 26163 17781 16328 24287 7169 20948 2006 14373 22440 1] (deg=24)
h_2 = [5837 20813 7419 19168 17930 17002 15330 7768 28370 11961 18072 9673 13922 11085 17954 7415 7937 3746 4996 7474 22745 10536 28614 26858 1] (deg=24)
h_3 = [17405 23949 2132 24740 6107 13661 7726 12279 6313 21413 19206 8125 12928 777 6803 9304 24929 3959 2861 1183 6649 20997 1692 23936 1] (deg=24)
