p = 31
e = 3
d = 28
mod = 29791
g = [19 30 17 0 8] (deg=4)
f = [0 27870 24118 26721 24986 6014 19220 17050 4805 15314 20181 7874 4805 217 11532 24087 8649 26505 24986 29512 13454 8246 15376 15159 6727 19623 24025 20677 18259 8153 18228 3998 1302 2762 15376 1767 14415 806 17298 8556 4805 20925 19220 27373 11532 17422 24025 28396 28830 3038 26908 9982 25947 1674 0 1178 9610 5301 5766 23746 1457 12958 8649 24828 19220 11005 25947 23405 7688 1147 4805 18166 5766 21514 6727 15097 26908 19499 5766 16089 19220 8804 18259 7316 23064 14043 25947 14632 5766 217 24986 21855 25513 1] (deg=93)
a = [4582 11842 12085 27026 12263 19234 16985 24160 5776 1] (deg=9)
num_h = 3
h_1 = [4327 14656 13148 18860 18088 12545 17709 9793 27517 20506 16346 15994 3023 22797 18172 13205 24478 14329 26471 19459 12899 5947 7372 8182 12586 3752 16360 29390 1] (deg=28)
h_2 = [8899 24325 9939 18675 19627 22677 4057 15479 22822 4182 12394 24716 4110 9045 13872 15069 24220 27884 18720 24265 21862 21442 15063 10088 1058 29425 2573 18605 1] (deg=28)
h_3 = [608 26368 12571 17930 24698 23139 5433 20353 10344 5820 27721 9040 11730 22815 9288 21893 6598 14816 328 16757 8169 3075 19850 1357 16880 1413 8297 1533 1] (deg=28)
