p = 31
e = 3
d = 40
mod = 29791
g = [17 0 14] (deg=2)
f = [0 27870 24118 26721 24986 6014 19220 17050 4805 15314 20181 7874 4805 217 11532 24087 8649 26505 24986 29512 13454 8246 15376 15159 6727 19623 24025 20677 18259 8153 18228 3998 1302 2762 15376 1767 14415 806 17298 8556 4805 20925 19220 27373 11532 17422 24025 28396 28830 3038 26908 9982 25947 1674 0 1178 9610 5301 5766 23746 1457 12958 8649 24828 19220 11005 25947 23405 7688 1147 4805 18166 5766 21514 6727 15097 26908 19499 5766 16089 19220 8804 18259 7316 23064 14043 25947 14632 5766 217 24986 21855 25513 1] (deg=93)
a = [23607 28849 9886 14505 23575 15896 3118 3235 18412 12393 782 9131 4630 1] (deg=13)
num_h = 2
h_1 = [18130 3038 2265 14601 14178 4613 15322 29300 19458 18522 26219 13128 1563 22670 18792 13168 4124 9339 3232 14703 22537 18602 12739 12005 20321 21975 27601 29052 13573 4331 7422 16886 15968 9788 9259 19227 14500 20533 4820 7352 1] (deg=40)
h_2 = [28259 18796 25937 15303 4877 12117 23038 2116 24986 2842 4734 28120 13059 18130 19515 25659 24392 18288 21502 1845 27397 7717 12736 26119 14659 677 6944 16081 22678 8235 6904 23615 2937 9613 8985 12309 13105 6604 13437 13531 1] (deg=40)
