p = 31
e = 3
d = 34
mod = 29791
g = [27 9 1 0 1] (deg=4)
f = [0 27870 24118 26721 24986 6014 19220 17050 4805 15314 20181 7874 4805 217 11532 24087 8649 26505 24986 29512 13454 8246 15376 15159 6727 19623 24025 20677 18259 8153 18228 3998 1302 2762 15376 1767 14415 806 17298 8556 4805 20925 19220 27373 11532 17422 24025 28396 28830 3038 26908 9982 25947 1674 0 1178 9610 5301 5766 23746 1457 12958 8649 24828 19220 11005 25947 23405 7688 1147 4805 18166 5766 21514 6727 15097 26908 19499 5766 16089 19220 8804 18259 7316 23064 14043 25947 14632 5766 217 24986 21855 25513 1] (deg=93)
a = [3483 12660 19471 21076 19226 26921 4055 26159 8053 22038 14761 21198 17263 15898 4573 23050 2605 9239 11649 18402 1302 24353 10550 2476 29493 1] (deg=25)
num_h = 2
h_1 = [15868 22026 14869 13353 9612 17852 28693 17527 13680 29327 5533 6438 12973 19932 4443 29745 25317 10590 24022 28877 19078 6653 22344 552 7180 18142 20548 29592 18752 4130 22916 5533 15982 21486 1] (deg=34)
h_2 = [17687 27976 6961 11962 22972 13280 271 26990 20478 2322 16445 20485 28105 5183 17601 23105 7965 22008 2438 272 190 20888 2656 22950 15239 15371 7894 16209 23766 14161 18761 23236 176 4325 1] (deg=34)
