p = 31
e = 3
d = 38
mod = 29791
g = [8 24 8 0 1] (deg=4)
f = [0 27870 24118 26721 24986 6014 19220 17050 4805 15314 20181 7874 4805 217 11532 24087 8649 26505 24986 29512 13454 8246 15376 15159 6727 19623 24025 20677 18259 8153 18228 3998 1302 2762 15376 1767 14415 806 17298 8556 4805 20925 19220 27373 11532 17422 24025 28396 28830 3038 26908 9982 25947 1674 0 1178 9610 5301 5766 23746 1457 12958 8649 24828 19220 11005 25947 23405 7688 1147 4805 18166 5766 21514 6727 15097 26908 19499 5766 16089 19220 8804 18259 7316 23064 14043 25947 14632 5766 217 24986 21855 25513 1] (deg=93)
a = [13478 895 9707 23901 18986 15067 11100 21649 14437 37 14136 17829 10262 27382 8627 25226 7874 1] (deg=17)
num_h = 2
h_1 = [3508 541 13197 17378 7078 4130 22705 12834 2205 2083 483 8416 3085 16164 24770 11335 25485 28982 22367 9990 950 9947 9194 18225 8759 17902 16795 18809 22748 18282 8896 8585 25506 19979 28466 27709 9077 11651 1] (deg=38)
h_2 = [26131 1812 7306 18844 675 17573 7379 22287 4136 27484 26196 3093 5032 15501 17593 28688 26040 6772 19810 519 26611 21107 14675 27934 23410 5925 10993 4682 13173 10775 13023 27684 25662 23349 12974 20526 17833 5988 1] (deg=38)
