p = 31
e = 3
d = 30
mod = 29791
g = [3 2 11 0 1] (deg=4)
f = [0 27870 24118 26721 24986 6014 19220 17050 4805 15314 20181 7874 4805 217 11532 24087 8649 26505 24986 29512 13454 8246 15376 15159 6727 19623 24025 20677 18259 8153 18228 3998 1302 2762 15376 1767 14415 806 17298 8556 4805 20925 19220 27373 11532 17422 24025 28396 28830 3038 26908 9982 25947 1674 0 1178 9610 5301 5766 23746 1457 12958 8649 24828 19220 11005 25947 23405 7688 1147 4805 18166 5766 21514 6727 15097 26908 19499 5766 16089 19220 8804 18259 7316 23064 14043 25947 14632 5766 217 24986 21855 25513 1] (deg=93)
a = [23561 19545 10281 1] (deg=3)
num_h = 3
h_1 = [7083 840 19700 17722 14052 19598 5460 9347 22467 3401 25341 17571 360 15377 3295 2790 22650 5891 11718 16443 6010 5587 25583 8707 13600 8157 4560 16235 16134 18835 1] (deg=30)
h_2 = [13813 15756 2967 3397 10862 24816 19161 23520 12611 3301 7454 8092 26361 29079 22431 1158 20256 28863 18958 7104 23035 100 2851 17658 18553 15882 22098 37 2266 23967 1] (deg=30)
h_3 = [26112 3081 17587 17394 23799 21501 13079 16926 26298 19433 581 20593 8847 26943 5213 3211 5905 12844 18544 23606 24024 10637 1093 7981 7434 26967 14700 16417 29213 2221 1] (deg=30)
