p = 31
e = 3
d = 26
mod = 29791

f = [0 27870 24118 26721 24986 6014 19220 17050 4805 15314 20181 7874 4805 217 11532 24087 8649 26505 24986 29512 13454 8246 15376 15159 6727 19623 24025 20677 18259 8153 18228 3998 1302 2762 15376 1767 14415 806 17298 8556 4805 20925 19220 27373 11532 17422 24025 28396 28830 3038 26908 9982 25947 1674 0 1178 9610 5301 5766 23746 1457 12958 8649 24828 19220 11005 25947 23405 7688 1147 4805 18166 5766 21514 6727 15097 26908 19499 5766 16089 19220 8804 18259 7316 23064 14043 25947 14632 5766 217 24986 21855 25513 1] (deg=93)
g = [0 1] (deg=1)
a = [0 26428 26226 10526 2821 15411 24738 6232 18600 17362 6138 24380 21421 3972 19282 1] (deg=15)
num_h = 3
h_1 = [19278 26775 8730 6589 25678 5758 24960 18928 2355 4640 15896 27893 21821 25551 8258 13144 3032 15069 16249 28285 29005 10489 28042 2330 9880 26738 1] (deg=26)
h_2 = [17709 21049 20068 2635 3721 3131 29705 3193 875 24180 22339 18941 18987 24149 17365 28396 20019 4371 11845 6696 12115 9021 27370 13981 4858 25017 1] (deg=26)
h_3 = [740 1559 12109 15266 9899 24312 23038 21341 19653 19230 23243 14329 3469 29567 19263 17639 12549 10444 23565 5133 29501 22805 6249 20765 10686 14058 1] (deg=26)
