p = 31
e = 3
d = 44
mod = 29791
g = [2 28 2 0 1] (deg=4)
f = [0 27870 24118 26721 24986 6014 19220 17050 4805 15314 20181 7874 4805 217 11532 24087 8649 26505 24986 29512 13454 8246 15376 15159 6727 19623 24025 20677 18259 8153 18228 3998 1302 2762 15376 1767 14415 806 17298 8556 4805 20925 19220 27373 11532 17422 24025 28396 28830 3038 26908 9982 25947 1674 0 1178 9610 5301 5766 23746 1457 12958 8649 24828 19220 11005 25947 23405 7688 1147 4805 18166 5766 21514 6727 15097 26908 19499 5766 16089 19220 8804 18259 7316 23064 14043 25947 14632 5766 217 24986 21855 25513 1] (deg=93)
a = [14701 27017 3749 17123 25855 1] (deg=5)
num_h = 2
h_1 = [9563 28468 7991 23737 19434 17062 29064 28898 18322 9082 25550 13066 18056 17821 18510 28702 529 4082 19579 25542 4143 20735 4991 12154 9734 10458 10165 9060 8236 25600 10257 3625 27303 21734 25854 20213 12690 18724 27734 19787 17739 14596 28591 15263 1] (deg=44)
h_2 = [801 21519 24449 9543 24071 8765 23242 1651 12635 22172 722 25486 27246 20348 6081 15369 14766 17728 18591 15683 1520 16989 12369 6100 28198 12293 8949 27160 15269 22921 7588 27073 3544 13993 6386 9568 17800 669 18257 16293 20400 536 485 14186 1] (deg=44)
