p = 31
e = 3
d = 36
mod = 29791
g = [10 0 4] (deg=2)
f = [0 27870 24118 26721 24986 6014 19220 17050 4805 15314 20181 7874 4805 217 11532 24087 8649 26505 24986 29512 13454 8246 15376 15159 6727 19623 24025 20677 18259 8153 18228 3998 1302 2762 15376 1767 14415 806 17298 8556 4805 20925 19220 27373 11532 17422 24025 28396 28830 3038 26908 9982 25947 1674 0 1178 9610 5301 5766 23746 1457 12958 8649 24828 19220 11005 25947 23405 7688 1147 4805 18166 5766 21514 6727 15097 26908 19499 5766 16089 19220 8804 18259 7316 23064 14043 25947 14632 5766 217 24986 21855 25513 1] (deg=93)
a = [26831 7393 11289 8032 7715 7236 22861 25369 11006 2073 17024 29269 26930 26488 23701 19967 292 9880 11537 22545 8823 1] (deg=21)
num_h = 2
h_1 = [3251 11637 19072 25208 18598 4495 29290 22345 17098 2333 22659 12058 24673 13710 1014 6521 18207 27297 17175 6248 16082 12958 1537 12019 6985 12088 12210 11108 24559 21384 9043 14078 19258 10128 6176 23357 1] (deg=36)
h_2 = [6443 24981 16162 1541 9651 7810 17914 4551 21764 1449 17195 17434 12480 21536 5940 23537 1484 1512 11056 3897 7970 20354 785 13712 25600 10408 23762 15522 10344 16212 27699 15792 11640 25892 27530 23124 1] (deg=36)
