p = 127
e = 3
d = 45
mod = 2048383

g = [22 62 7]

f = [0 1499998 631825 323509 1929264 1585076 1056308 1775758 12168 1743199 418963 1894456 719819 1109470 1917825 458200 334608 1670007 1937743 483739 738841 1781425 1562214 1365924 679260 594399 1153302 1276071 1952780 792354 1570756 804172 1523569 1290621 856361 186290 1041585 808017 1596179 481401 414539 1782310 1376649 1699122 13936 173786 1163411 268333 760094 105920 812462 1612875 1417015 279266 928271 2044333 434310 1383550 123525 1267746 356262 1948883 1757641 1001615 1305665 1405289 1448311 2003196 1213653 195411 2021777 217085 1658321 790301 1198122 299155 1509548 1691093 1947132 979332 1045462 1089259 761309 701732 879522 2028142 1832698 861850 1412133 107333 706212 519019 303215 1436377 392867 100589 1195196 114812 468480 1860980 636311 1627819 1202637 1471324 49474 1984000 380649 412287 516769 1556527 1754778 466168 657913 1398257 585621 534142 1337942 1213131 519328 755466 1637246 943639 1411565 569771 1196718 304468 252222 89592 660497 1661074 494199 235540 193300 1209429 889586 1]

a = [1] (deg=0)
num_h = 3
h_1 = [909693 1692104 202024 1849667 203730 1892313 1292258 789251 2013287 1772619 19855 1718568 1110345 1328311 1966593 918948 1730717 1280777 264649 1595769 489063 1140253 101768 1838781 37402 1157034 1104383 36173 2007269 1762301 1468243 200783 1326961 1509310 146390 58960 1825270 1950285 1482340 1296698 566749 1960822 954162 1104843 900727 1] (deg=45)
h_2 = [1304636 659531 1380256 1646791 1490065 1879176 1373991 2001500 249446 1484228 177860 1565120 678154 1568229 1229713 642395 1115997 1669143 526417 1422349 761286 400481 1192387 1278142 1518377 574020 643104 97733 1028222 393454 80487 717556 1330045 1257161 390885 660575 284011 1490611 1575496 173528 293169 664549 1402551 553886 1485169 1] (deg=45)
h_3 = [62309 874918 86768 477143 1853592 1100917 2032184 775878 2004167 1022273 615418 2044243 177210 1604448 1560324 544966 880059 2031526 1925706 1675390 998977 1531949 46428 593756 1550551 554516 232324 1577467 458418 1025176 353199 573011 1410322 1276355 1929053 198220 1962640 349421 1527737 412713 855902 1856345 1280487 467027 552073 1] (deg=45)

check: a * Π h_i == h (mod p^e): OK
