p = 17
e = 6
d = 24
mod = 24137569

g = [4 1 15 0 8 0 0 0 7 0 0 0 0 0 0 0 3]

f =[0 9938999 0 1257728 1753941 7024451 9926861 4510644 3913370 5050003 17728597 9640700 5966058 5446392 20393153 22844991 4465922 8923488 9895705 13397462 163306 15071265 1677975 17214506 11696837 14774615 1854250 1895024 2096560 1871428 12546278 9790232 23687713 22059149 12227162 22753837 52072 19293521 3395076 14993558 17661975 17587639 877989 17701454 14483573 18777078 19252742 22149317 9438647 10297019 22121586 19954549 6316680 10858138 12536284 14859122 3313693 1733898 8233357 16710694 8840019 22913144 21928093 1603644 17831116 8054260 5176888 20658587 618206 16989528 16128263 15889254 424329 6317166 23926364 7929667 21684468 16096671 19264860 21046850 23503946 15146847 12467720 0 22666733 0 4610679 0 4833817 0 9352025 0 11825139 0 24128921 0 1]

a = [1] (deg=0)
num_h = 4
h_1 = [9649322 7762947 6795661 18429391 18838290 20548897 5300465 23831412 16508967 22925738 4245599 6671339 19058667 8228839 4770243 7815248 7541778 3617269 17310027 9302906 575832 4389364 2752597 10090503 1] (deg=24)
h_2 = [5783356 4330347 3549951 15401618 5345551 10508964 17200495 22428849 5773947 18015955 6269599 10099714 11469292 97713 15549845 5903507 12061915 6113863 13063218 20357386 4961382 20052785 4125642 1894137 1] (deg=24)
h_3 = [17790846 6680134 16945419 3352373 8331124 14505295 18567723 7106173 23223186 20990038 20421819 2673765 9454761 13435456 19836636 3225657 10287075 21666799 4102016 5872894 16099313 7792079 5693384 5429871 1] (deg=24)
h_4 = [9553782 9364474 1870104 3183349 15616200 1831284 23575364 2603004 10471980 9868165 8332175 5799725 8654172 24132696 12958441 5295842 21406300 7000819 21768607 9839302 3056131 21204088 5181406 6723058 1] (deg=24)

check: a * Π h_i == h (mod p^e): OK
