p = 257
e = 3
d = 28
mod = 16974593

g = [217 169 159 0 48]

f = [0 1519128 16658996 747041 3894410 14695418 15557251 8628481 55630 8044850 6723850 3545791 8980967 12457084 2929490 16586271 6524586 501953 3021296 1377649 2432537 9561382 16357500 10214927 6231159 10214322 11458800 4381729 14835749 11487959 622564 5639352 16961023 50328 3303704 1237102 14453584 9286744 14074423 16366366 15548718 14131706 8826126 15056315 3987516 13688852 8333568 16689079 7554955 1846940 11415009 10647411 1276920 8832270 2718777 11602021 10430516 6063761 9411835 4370579 3402492 14504192 14040184 3243223 490852 13106159 14666985 3443542 1377828 649735 14272613 7441166 1214316 734207 9255896 7222954 5153504 14491288 14918133 2538913 16000852 15427059 3965253 8431218 4794864 16801333 14613272 6846076 4806648 15875193 2563339 6461879 12989456 5169358 11143431 5730696 5436658 4448016 2880763 2747112 12699098 9180583 14462375 6299128 10515264 12899868 15771675 3095285 8409620 5451906 15730117 5800228 2956208 5959374 2718795 1583698 3927133 534803 10389627 16737357 7207921 14171250 872505 13918071 7591508 5772523 13808613 11590108 7398337 14637012 7488809 10690798 15457030 3394304 654648 10857345 7780452 7166000 4366395 16971623 1]

a = [1] (deg=0)
num_h = 5
h_1 = [8669927 15314607 5354868 2035537 13197390 9814930 8733762 4488526 826936 15131144 1015381 13026505 7938438 13736394 12934506 8500997 984532 13847077 12548815 1989045 5656021 13595241 9079540 15898764 4895160 152882 2113990 16841629 1] (deg=28)
h_2 = [12236149 14663987 3661076 6852236 667117 10241866 774436 2008083 13507882 2082684 10418723 6482874 6978700 14437041 11531378 6971547 3624212 12385604 12455832 13596593 3710949 9749460 11419955 7215570 5898714 15652938 8224713 9801658 1] (deg=28)
h_3 = [15286313 12245481 8741074 16583596 5782521 6159250 8472023 1386432 1432465 8467701 7439867 12487725 3304512 9891524 5413683 13549860 10219980 13393537 15876744 1731074 3218342 3587130 425986 9499308 5729656 13279165 10494232 6809472 1] (deg=28)
h_4 = [5321749 7067257 8225207 1885481 6904481 2203997 16271574 11392956 10717599 6937924 16823327 13613082 11644849 6926294 8841493 4676579 77773 13790660 7064697 11803001 4028439 9959782 10960087 12794236 9101527 2846242 8746741 953620 1] (deg=28)
h_5 = [3240112 9150160 14776746 5588953 13279948 6173216 1280975 14551816 16861116 15750758 15927612 11147697 753588 9492130 12680453 9295221 15112047 6247849 7884460 11343634 11696893 235539 11322892 15210573 6069044 1494331 7342241 16514430 1] (deg=28)

check: a * Π h_i == h (mod p^e): OK
