p = 65537
e = 2
d = 18
mod = 4295098369

g = [57983 1221]

f = [0 2254145116 1144716983 2957806764 2857695275 1604052010 2209668744 3852250041 1603252430 29939612 1202240440 3040882691 195951843 575695319 1575965936 2821974596 3823503422 1353324847 2234076460 4225011376 3042900663 2153174 4179361449 885409471 864287717 3213630675 414787153 3157952149 3720913145 305758512 901571929 1556174825 746807520 4069032044 2242802591 3188742113 3932068265 3906372031 1061087778 1427294065 525740225 394666905 2753324992 1177160767 1855694465 1448566194 3351381182 2490650895 4056501428 1939044803 2785010204 4248233110 2148464804 4190007138 1610156446 3647985802 300645627 62100640 1556114165 2421609771 2336789754 3928257832 2896620908 146445226 1146131184 4082568298 1183417200 2052703510 3134838235 484338186 1194456646 1545814762 2662004390 3743185660 533569527 3852757988 1304951745 2623085415 3279352519 1908577938 1971470343 187013263 3309087953 1212719621 1420515279 1764664441 2158690559 1864358142 511390574 2360273808 2911934259 3285496385 1082294584 4150428102 1]

a = [1680429285 1632813464 2384274035 1866560416 1] (deg=4)
num_h = 5
h_1 = [552763011 1968517072 2412602532 3807231100 4046869662 3906849660 1978265167 2936048607 1557088274 3246474281 2761081746 1030111665 3964728226 759422859 2843569203 97069449 588967279 130973013 1] (deg=18)
h_2 = [3855909972 2812626962 1377477035 3786352196 4210991006 952736539 1743699317 4160157783 2330304869 1536151294 2179000550 2477284166 3383873438 523942852 2759265670 3220399487 81520859 4037747558 1] (deg=18)
h_3 = [3755427371 1072008066 3042661182 1399509604 1733342018 2205759423 3859068175 1984727914 3980313482 3860825390 4047407330 3024785725 350435188 2314367668 3856057016 4155987491 988495826 3341097989 1] (deg=18)
h_4 = [2851056967 3343721469 3897765184 2769890299 892954622 2639626293 359175379 1458837507 3715099163 1934608801 1674629498 142570929 53455881 2673627396 476728730 3500246134 253829985 3103989290 1] (deg=18)
h_5 = [4209691707 4194786155 382112566 2514502442 1036606722 568292104 1226330888 2274488770 87648449 1863966391 1727315950 2663903412 3085552017 558349712 2143558411 2057486315 130973734 260256574 1] (deg=18)

check: a * Π h_i == h (mod p^e): OK
