p = 8191
e = 2
d = 14
mod = 67092481

g = [3896 4177 60]

f = [0 57058507 51445545 66760626 29861903 38456150 59905854 24955688 39132382 58724275 33252614 6002931 7295636 18953084 28069669 21758458 9366477 3160367 6926915 64049308 12272574 13621433 48865605 1137967 3061830 65574437 55258993 9413565 11291846 14827219 55552667 43098627 52424029 26606979 17841408 28276319 47299268 47036682 47491111 33683195 34919186 52270908 9480662 32045253 16314089 66414653 19485801 10632176 44974573 29984487 13845910 45853429 51985121 10706828 23973527 5053694 20611907 9650819 27596340 12530857 33038356 60929016 13381969 46135984 32009800 48426665 42494529 8997072 60483369 27114373 49487423 64939785 45117070 42453489 4354361 36928530 49862845 16110113 57697044 5846114 47827830 23485406 49186311 61203772 34955216 9759055 55571583 20593242 8446170 50551375 49722538 59730812 63747376 7563169 1]

a = [20780704 32232813 32662606 8103593 49770702 23980272 24266328 62891317 32579375 31107218 1] (deg=10)
num_h = 6
h_1 = [59066703 15934530 226832 43883144 47863298 9080228 64857725 5531031 66004181 26427955 22974205 52345937 36803489 60607416 1] (deg=14)
h_2 = [61296153 56296885 57644799 26307017 19745427 47028747 22585530 34177303 66024007 12435488 33241609 55912517 36930207 57562123 1] (deg=14)
h_3 = [17508505 405427 57010738 51543287 25719963 272736 32029056 47756132 31189723 66266338 34294768 12983841 38643902 8164210 1] (deg=14)
h_4 = [66263320 23296373 30978767 55810196 13297722 65374093 4581200 50638855 11410761 30383272 16732994 37710600 52751824 43844499 1] (deg=14)
h_5 = [11862245 54219293 8987864 10573093 17055437 32358638 62129645 33444478 10584816 59409762 13624569 60456854 5222652 9574625 1] (deg=14)
h_6 = [45080060 66979182 22234474 17857524 49997504 59065061 21597115 25250456 17028007 31976951 5119425 12261793 65278791 65073002 1] (deg=14)

check: a * Π h_i == h (mod p^e): OK
